84 18
84 24
84 28
84 35
84 50
84 61
84 71
84 88
84 117
84 123
84 129
84 141
84 169
84 177
84 181
84 193
84 206
84 219
84 226
84 231
84 235
84 241
84 268
84 284
84 331
84 339
84 372
84 382
84 400
84 429
84 439
84 447
84 462
84 494
84 520
84 527
84 539
84 544
84 555
84 587
84 592
84 601
84 612
84 618
84 629
84 631
84 633
84 652
84 657
84 661
84 682
84 691
84 696
84 701
84 712
84 722
84 759
84 815
84 829
84 855
84 863
84 883
84 886
84 924
84 937
84 960
84 969
84 974
84 978
84 981
84 984
84 987
84 990
84 1001
84 1039
84 1067
84 1084
84 1088
84 1091
84 1113
84 1126
84 1130
84 1150
84 1156
84 1197
84 1205
84 1215
84 1229
84 1237
84 1245
84 1265
84 1273
84 1281
84 1296
84 1315
84 1325
84 1327
84 1339
84 1346
84 1376
84 1413
84 1422
84 1449
84 1459
84 1475
84 1484
84 1507
84 1515
84 1519
84 1540
84 1543
84 1548
84 1558
84 1565
84 1648
84 1677
84 1682
84 1716
84 1719
84 1722
84 1760
84 1764
84 1768
84 1783
84 1794
84 1800
84 1801
84 1807
84 1835
84 1841
84 1878
84 1883
84 1890
84 1897
84 1900
84 1912
84 1930
84 1949
84 1969
84 1976
84 2007
84 2036
84 2042
84 2066
84 2070
84 2077
84 2090
84 2133
84 2148
84 2171
84 2193
84 2212
84 2219
84 2228
84 2252
84 2291
84 2297
84 2301
84 2318
84 2320
84 2327
84 2344
84 2348
84 2388
84 2394
84 2426
84 2428
84 2457
84 2466
84 2479
84 2499
84 2528
84 2540
84 2562
84 2576
84 2634
84 2641
84 2688
84 2724
84 2743
84 2778
84 2801
84 2803
84 2818
84 2825
84 2836
84 2852
84 2918
84 2924
84 2940
84 2953
84 2957
84 2972
84 2977
84 2995
84 3036
84 3073
84 3098
84 3140
84 3144
84 3154
84 3160
84 3173
84 3207
84 3237
84 3243
84 3262
84 3267
84 3278
84 3291
84 3294
84 3299
84 3312
84 3333
84 3352
84 3356
84 3367
84 3370
84 3375
84 3383
84 3389
84 3410
84 3426
84 3473
84 3504
84 3526
84 3536
84 3572
84 3592
84 3603
84 3629
84 3638
84 3652
84 3656
84 3689
84 3703
84 3707
84 3726
84 3742
84 3754
84 3765
84 3787
84 3797
84 3809
84 3843
84 3847
84 3859
84 3867
84 3875
84 3895
84 3915
84 3937
84 3941
84 3946
84 3971
84 3976
84 3978
84 4003
84 4011
84 4041
84 4072
84 4082
84 4097
84 4167
84 4172
84 4187
84 4224
84 4227
84 4253
84 4259
84 4280
84 4283
84 4334
84 4341
84 4366
84 4368
84 4372
84 4388
84 4392
84 4445
84 4449
84 4451
84 4461
84 4478
84 4504
84 4507
84 4513
84 4525
84 4554
84 4581
84 4597
84 4618
84 4636
84 4639
84 4660
84 4671
84 4673
84 4683
84 4693
84 4721
84 4738
84 4743
84 4751
84 4805
84 4814
84 4820
84 4831
84 4841
84 4853
84 4860
84 4899
84 4907
84 4909
84 4917
84 4942
84 4963
84 4995
84 5022
84 5092
84 5116
84 5130
84 5135
84 5141
84 5147
84 5174
84 5208
84 5226
84 5238
84 5239
84 5248
84 5268
84 5270
84 5283
84 5290
84 5335
84 5352
84 5364
84 5369
84 5375
84 5384
84 5400
84 5430
84 5442
84 5445
84 5449
84 5458
84 5493
84 5504
84 5596
84 5615
84 5629
84 5635
84 5642
84 5645
84 5666
84 5732
84 5758
84 5767
84 5775
84 5785
84 5799
84 5804
84 5815
84 5831
84 5864
84 5868
84 5880
84 5882
84 5892
84 5908
84 5940
84 5945
84 5961
84 6006
84 6051
84 6055
84 6075
84 6086
84 6095
84 6108
84 6110
84 6114
84 6127
84 6152
84 6156
84 6176
84 6193
84 6198
84 6201
84 6214
84 6220
84 6240
84 6245
84 6248
84 6250
84 6259
84 6268
84 6317
84 6391
84 6394
84 6409
84 6415
84 6426
84 6437
84 6442
84 6454
84 6468
84 6516
84 6525
84 6531
84 6536
84 6549
84 6569
84 6572
84 6575
84 6582
84 6595
84 6598
84 6612
84 6623
84 6672
84 6699
84 6744
84 6750
84 6759
84 6764
84 6776
84 6805
84 6819
84 6826
84 6861
84 6892
84 6894
84 6897
84 6926
84 6934
84 6950
84 6959
84 6973
84 6976
84 6978
84 6982
84 7002
84 7023
84 7035
84 7063
84 7071
84 7104
84 7139
84 7187
84 7199
84 7206
84 7210
84 7216
84 7219
84 7234
84 7270
84 7303
84 7313
84 7322
84 7337
84 7361
84 7388
84 7396
84 7401
84 7416
84 7431
84 7436
84 7444
84 7447
84 7463
84 7476
84 7488
84 7540
84 7579
84 7583
84 7589
84 7599
84 7609
84 7632
84 7636
84 7647
84 7657
84 7660
84 7663
84 7678
84 7692
84 7712
84 7739
84 7744
84 7749
84 7752
84 7755
84 7772
84 7781
84 7801
84 7809
84 7813
84 7818
84 7820
84 7832
84 7881
84 7892
84 7901
84 7906
84 7921
84 7933
84 7981
84 7990
84 7996
84 7999
84 8031
84 8036
84 8064
84 8071
84 8074
84 8079
84 8097
84 8106
84 8125
84 8134
84 8149
84 8155
84 8166
84 8169
84 8176
84 8188
84 8197
84 8214
84 8225
84 8241
84 8256
84 8318
84 8331
84 8344
84 8351
84 8355
84 8359
84 8394
84 8405
84 8423
84 8448
84 8461
84 8472
84 8477
84 8483
84 8505
84 8515
84 8525
84 8562
84 8595
84 8622
84 8631
84 8645
84 8648
84 8656
84 8660
84 8685
84 8696
84 8721
84 8729
84 8740
84 8777
84 8793
84 8859
84 8861
84 8868
84 8883
84 8897
84 8901
84 8917
84 8939
84 8944
84 8958
84 8961
84 8972
84 8992
84 9019
84 9024
84 9029
84 9033
84 9047
84 9063
84 9073
84 9096
84 9105
84 9123
84 9143
84 9149
84 9177
84 9179
84 9190
84 9202
84 9206
84 9212
84 9241
84 9246
84 9250
84 9257
84 9264
84 9308
84 9314
84 9322
84 9328
84 9340
84 9343
84 9356
84 9359
84 9391
84 9400
84 9411
84 9417
84 9424
84 9433
84 9453
84 9492
84 9501
84 9517
84 9564
84 9588
84 9637
84 9650
84 9661
84 9676
84 9687
84 9695
84 9700
84 9727
84 9730
84 9754
84 9761
84 9770
84 9784
84 9788
84 9792
84 9836
84 9840
84 9874
84 9881
84 9891
84 9894
84 9908
84 9944
84 9950
84 9953
84 9970
84 9977
84 9990
84 9995
84 10021
84 10032
84 10047
84 10052
84 10058
84 10068
84 10071
84 10079
84 10082
84 10086
84 10095
84 10100
84 10104
84 10121
84 10126
84 10152
84 10181
84 10201
84 10224
84 10229
84 10233
84 10248
84 10264
84 10277
84 10307
84 10312
84 10331
84 10345
84 10355
84 10380
84 10387
84 10423
84 10429
84 10432
84 10445
84 10447
84 10467
84 10475
84 10499
84 10501
84 10512
84 10520
84 10546
84 10555
84 10569
84 10588
84 10600
84 10605
84 10611
84 10631
84 10649
84 10668
84 10678
84 10687
84 10707
84 10714
84 10728
84 10745
84 10750
84 10755
84 10768
84 10793
84 10831
84 10855
84 10875
84 10891
84 10928
84 10941
84 10971
84 10981
84 10986
84 10989
84 10994
84 11007
84 11014
84 11016
84 11025
84 11032
84 11039
84 11064
84 11082
84 11086
84 11102
84 11106
84 11115
84 11126
84 11133
84 11145
84 11179
84 11219
84 11243
84 11265
84 11271
84 11277
84 11303
84 11307
84 11319
84 11328
84 11333
84 11360
84 11366
84 11391
84 11402
84 11407
84 11426
84 11440
84 11456
84 11483
84 11486
84 11549
84 11570
84 11594
84 11610
84 11636
84 11640
84 11648
84 11674
84 11678
84 11704
84 11712
84 11717
84 11734
84 11737
84 11743
84 11747
84 11762
84 11768
84 11799
84 11811
84 11829
84 11845
84 11864
84 11870
84 11877
84 11878
84 11883
84 11897
84 11906
84 11910
84 11943
84 11952
84 11964
84 11969
84 11988
84 12007
84 12019
84 12027
84 12089
84 12106
84 12114
84 12159
84 12206
84 12214
84 12221
84 12231
84 12255
84 12260
84 12267
84 12274
84 12297
84 12301
84 12315
84 12341
84 12345
84 12368
84 12382
84 12387
84 12390
84 12401
84 12404
84 12412
84 12417
84 12419
84 12423
84 12440
84 12457
84 12468
84 12485
84 12499
84 12504
84 12525
84 12565
84 12569
84 12586
84 12630
84 12658
84 12664
84 12670
84 12698
84 12714
84 12726
84 12773
84 12780
84 12782
84 12800
84 12832
84 12847
84 12850
84 12857
84 12905
84 12926
84 12929
84 12933
84 12945
84 12956
84 12974
84 12979
84 12997
84 13016
84 13028
84 13037
84 13082
84 13086
84 13117
84 13124
84 13135
84 13148
84 13161
84 13171
84 13176
84 13213
84 13217
84 13236
84 13242
84 13251
84 13267
84 13287
84 13291
84 13377
84 13399
84 13429
84 13435
84 13438
84 13448
84 13451
84 13465
84 13471
84 13473
84 13508
84 13517
84 13522
84 13535
84 13538
84 13582
84 13584
84 13598
84 13600
84 13611
84 13634
84 13655
84 13680
84 13682
84 13719
84 13723
84 13726
84 13756
84 13777
84 13790
84 13804
84 13850
84 13858
84 13863
84 13878
84 13884
84 13890
84 13894
84 13916
84 13937
84 13967
84 13995
84 14020
84 14037
84 14068
84 14071
84 14083
84 14095
84 14106
84 14137
84 14167
84 14193
84 14217
84 14226
84 14242
84 14255
84 14261
84 14266
84 14275
84 14301
84 14311
84 14312
84 14315
84 14333
84 14366
84 14371
84 14382
84 14387
84 14411
84 14414
84 14419
84 14426
84 14429
84 14443
84 14465
84 14483
84 14494
84 14523
84 14539
84 14576
84 14606
84 14609
84 14620
84 14638
84 14641
84 14652
84 14699
84 14726
84 14739
84 14759
84 14765
84 14772
84 14778
84 14787
84 14790
84 14792
84 14804
84 14823
84 14864
84 14870
84 14882
84 14945
84 14948
84 14955
84 15004
84 15020
84 15022
84 15033
84 15041
84 15045
84 15061
84 15072
84 15081
84 15100
84 15102
84 15105
84 15115
84 15118
84 15158
84 15184
84 15205
84 15233
84 15238
84 15242
84 15254
84 15260
84 15279
84 15325
84 15338
84 15347
84 15372
84 15380
84 15383
84 15387
84 15391
84 15397
84 15402
84 15409
84 15414
84 15426
84 15442
84 15455
84 15467
84 15471
84 15476
84 15495
84 15520
84 15530
84 15535
84 15568
84 15584
84 15607
84 15627
84 15643
84 15671
84 15681
84 15690
84 15694
84 15699
84 15707
84 15710
84 15728
84 15735
84 15759
84 15771
84 15772
84 15807
84 15811
84 15847
84 15860
84 15864
84 15871
84 15931
84 15969
84 15972
84 15980
84 15990
84 16009
84 16014
84 16017
84 16044
84 16062
84 16071
84 16077
84 16086
84 16100
84 16103
84 16108
84 16111
84 16115
84 16121
84 16149
84 16159
84 16179
84 16184
84 16195
84 16220
84 16246
84 16251
84 16265
84 16269
84 16274
84 16283
84 16287
84 16293
84 16296
84 16310
84 16333
84 16344
84 16354
84 16358
84 16360
84 16365
84 16383
84 16388
84 16396
84 16408
84 16414
84 16419
84 16477
84 16482
84 16505
84 16512
84 16531
84 16542
84 16547
84 16555
84 16574
84 16592
84 16620
84 16630
84 16645
84 16659
84 16674
84 16688
84 16691
84 16698
84 16711
84 16743
84 16749
84 16771
84 16794
84 16804
84 16809
84 16821
84 16827
84 16889
84 16899
84 16905
84 16911
84 16922
84 16934
84 16943
84 16952
84 16966
84 16980
84 16984
84 17014
84 17036
84 17053
84 17068
84 17086
84 17127
84 17142
84 17146
84 17164
84 17169
84 17172
84 17198
84 17217
84 17234
84 17254
84 17271
84 17275
84 17282
84 17307
84 17336
84 17343
84 17355
84 17382
84 17387
84 17392
84 17434
84 17444
84 17455
84 17459
84 17468
84 17487
84 17501
84 17513
84 17546
84 17555
84 17563
84 17570
84 17573
84 17578
84 17584
84 17589
84 17615
84 17635
84 17647
84 17659
84 17670
84 17678
84 17687
84 17706
84 17725
84 17730
84 17734
84 17758
84 17769
84 17802
84 17821
84 17854
84 17877
84 17880
84 17882
84 17885
84 17890
84 17914
84 17918
84 17920
84 17926
84 17933
84 17939
84 17969
84 17976
84 17981
84 17984
84 17989
84 18040
84 18050
84 18063
84 18067
84 18078
84 18085
84 18089
84 18093
84 18109
84 18119
84 18178
84 18187
84 18191
84 18209
84 18239
84 18251
84 18276
84 18280
84 18286
84 18301
84 18309
84 18313
84 18338
84 18345
84 18354
84 18368
84 18377
84 18381
84 18389
84 18399
84 18416
84 18424
84 18428
84 18458
84 18467
84 18469
84 18482
84 18492
84 18495
84 18551
84 18561
84 18588
84 18636
84 18661
84 18673
84 18692
84 18703
84 18712
84 18714
84 18718
84 18740
84 18756
84 18814
84 18822
84 18837
84 18840
84 18847
84 18864
84 18885
84 18889
84 18911
84 18918
84 18932
84 18936
84 18944
84 18948
84 18965
84 18978
84 19000
84 19016
84 19022
84 19037
84 19041
84 19046
84 19057
84 19067
84 19073
84 19078
84 19087
84 19101
84 19108
84 19140
84 19150
84 19158
84 19162
84 19186
84 19195
84 19221
84 19227
84 19232
84 19251
84 19264
84 19270
84 19299
84 19310
84 19314
84 19321
84 19360
84 19371
84 19375
84 19382
84 19392
84 19408
84 19431
84 19440
84 19444
84 19465
84 19470
84 19479
84 19484
84 19505
84 19511
84 19515
84 19549
84 19592
84 19604
84 19606
84 19613
84 19618
84 19622
84 19629
84 19634
84 19642
84 19648
84 19685
84 19691
84 19696
84 19705
84 19712
84 19719
84 19736
84 19753
84 19800
84 19804
84 19816
84 19832
84 19840
84 19844
84 19851
84 19855
84 19880
84 19905
84 19914
84 19952
84 19954
84 20000
84 20013
84 20016
84 20029
84 20037
84 20041
84 20063
84 20071
84 20082
84 20091
84 20105
84 20128
84 20147
84 20176
84 20184
84 20190
84 20194
84 20201
84 20211
84 20241
84 20264
84 20279
84 20299
84 20350
84 20391
84 20420
84 20428
84 20437
84 20450
84 20486
84 20493
84 20498
84 20504
84 20509
84 20532
84 20542
84 20549
84 20557
84 20589
84 20596
84 20600
84 20623
84 20629
84 20683
84 20690
84 20712
84 20723
84 20744
84 20749
84 20755
84 20797
84 20838
84 20843
84 20851
84 20862
84 20872
84 20877
84 20881
84 20905
84 20952
84 20971
84 20983
84 20986
84 21019
84 21041
84 21050
84 21052
84 21056
84 21063
84 21089
84 21099
84 21110
84 21120
84 21127
84 21166
84 21169
84 21173
84 21196
84 21209
84 21216
84 21231
84 21249
84 21261
84 21270
84 21281
84 21289
84 21330
84 21389
84 21394
84 21407
84 21421
84 21449
84 21461
84 21483
84 21522
84 21529
84 21544
84 21553
84 21570
84 21571
84 21581
84 21593
84 21602
84 21611
84 21616
84 21649
84 21652
84 21717
84 21721
84 21728
84 21746
84 21761
84 21766
84 21778
84 21796
84 21807
84 21859
84 21878
84 21884
84 21888
84 21893
84 21895
84 21912
84 21931
84 21957
84 21965
84 21977
84 21982
84 21991
84 22013
84 22031
84 22040
84 22058
84 22067
84 22072
84 22085
84 22091
84 22110
84 22122
84 22149
84 22167
84 22172
84 22175
84 22232
84 22239
84 22270
84 22276
84 22281
84 22297
84 22312
84 22318
84 22336
84 22365
84 22385
84 22403
84 22407
84 22412
84 22418
84 22428
84 22445
84 22454
84 22481
84 22486
84 22530
84 22537
84 22546
84 22562
84 22576
84 22579
84 22583
84 22589
84 22597
84 22600
84 22651
84 22665
84 22671
84 22690
84 22696
84 22706
84 22710
84 22730
84 22741
84 22748
84 22770
84 22777
84 22800
84 22820
84 22826
84 22838
84 22846
84 22858
84 22864
84 22876
84 22881
84 22890
84 22898
84 22906
84 22934
84 22938
84 22955
84 22961
84 22978
84 22987
84 22993
84 23000
84 23012
84 23029
84 23035
84 23086
84 23106
84 23119
84 23129
84 23152
84 23161
84 23170
84 23174
84 23182
84 23197
84 23206
84 23210
84 23234
84 23242
84 23247
84 23259
84 23264
84 23270
84 23299
84 23303
84 23320
84 23329
84 23351
84 23369
84 23401
84 23405
84 23423
84 23433
84 23441
84 23450
84 23468
84 23478
84 23525
84 23548
84 23576
84 23581
84 23585
84 23617
84 23628
84 23634
84 23642
84 23659
84 23673
84 23691
84 23695
84 23699
84 23752
84 23762
84 23773
84 23805
84 23815
84 23820
84 23825
84 23829
84 23845
84 23859
84 23872
84 23900
84 23906
84 23921
84 23955
84 23982
84 24027
84 24038
84 24055
84 24068
84 24100
84 24103
84 24107
84 24110
84 24115
84 24126
84 24148
84 24153
84 24173
84 24182
84 24194
84 24201
84 24216
84 24282
84 24300
84 24319
84 24332
84 24352
84 24356
84 24384
84 24407
84 24411
84 24429
84 24457
84 24465
84 24481
84 24489
84 24502
84 24511
84 24516
84 24532
84 24536
84 24551
84 24557
84 24572
84 24575
84 24579
84 24601
84 24604
84 24623
84 24643
84 24667
84 24670
84 24685
84 24698
84 24719
84 24748
84 24754
84 24786
84 24810
84 24827
84 24864
84 24880
84 24895
84 24911
84 24946
84 24957
84 24964
84 24983
84 24992
84 24996
84 25003
84 25042
84 25050
84 25055
84 25121
84 25124
84 25131
84 25140
84 25144
84 25184
84 25188
84 25202
84 25210
84 25215
84 25222
84 25226
84 25255
84 25270
84 25273
84 25285
84 25295
84 25310
84 25316
84 25333
84 25356
84 25384
84 25389
84 25397
84 25407
84 25410
84 25422
84 25445
84 25452
84 25461
84 25468
84 25513
84 25525
84 25549
84 25562
84 25617
84 25621
84 25626
84 25704
84 25718
84 25732
84 25749
84 25756
84 25759
84 25774
84 25796
84 25822
84 25833
84 25854
84 25860
84 25865
84 25894
84 25900
84 25912
84 25915
84 25946
84 25952
84 25957
84 25971
84 25984
84 25988
84 26014
84 26026
84 26042
84 26046
84 26052
84 26060
84 26078
84 26094
84 26098
84 26106
84 26110
84 26116
84 26138
84 26154
84 26156
84 26162
84 26172
84 26217
84 26241
84 26264
84 26268
84 26276
84 26293
84 26305
84 26324
84 26351
84 26358
84 26369
84 26467
84 26481
84 26484
84 26498
84 26510
84 26527
84 26546
84 26559
84 26561
84 26566
84 26568
84 26574
84 26587
84 26589
84 26606
84 26639
84 26660
84 26690
84 26710
84 26716
84 26720
84 26725
84 26730
84 26734
84 26766
84 26775
84 26778
84 26785
84 26791
84 26799
84 26807
84 26809
84 26821
84 26839
84 26843
84 26858
84 26867
84 26874
84 26929
84 26935
84 26980
84 26992
84 26997
84 27002
84 27007
84 27042
84 27050
84 27088
84 27091
84 27112
84 27123
84 27126
84 27129
84 27137
84 27167
84 27173
84 27194
84 27204
84 27210
84 27260
84 27273
84 27280
84 27284
84 27290
84 27321
84 27336
84 27342
84 27363
84 27366
84 27371
84 27395
84 27400
84 27415
84 27447
84 27457
84 27465
84 27485
84 27491
84 27494
84 27505
84 27511
84 27524
84 27541
84 27547
84 27576
84 27583
84 27591
84 27598
84 27601
84 27611
84 27615
84 27627
84 27631
84 27639
84 27649
84 27657
84 27661
84 27692
84 27703
84 27716
84 27728
84 27737
84 27770
84 27796
84 27812
84 27818
84 27845
84 27848
84 27858
84 27918
84 27942
84 27994
84 28018
84 28025
84 28042
84 28053
84 28066
84 28076
84 28092
84 28098
84 28112
84 28116
84 28147
84 28184
84 28201
84 28204
84 28242
84 28250
84 28291
84 28296
84 28302
84 28307
84 28369
84 28373
84 28381
84 28390
84 28405
84 28415
84 28423
84 28468
84 28506
84 28513
84 28543
84 28565
84 28586
84 28592
84 28632
84 28640
84 28643
84 28662
84 28666
84 28703
84 28770
84 28812
84 28841
84 28845
84 28859
84 28877
84 28894
84 28906
84 28919
84 28924
84 28928
84 28941
84 28944
84 28959
84 28966
84 28968
84 28986
84 28995
84 29009
84 29023
84 29026
84 29053
84 29081
84 29089
84 29093
84 29107
84 29122
84 29158
84 29167
84 29173
84 29230
84 29245
84 29248
84 29256
84 29263
84 29266
84 29296
84 29301
84 29319
84 29323
84 29341
84 29361
84 29365
84 29385
84 29400
84 29421
84 29426
84 29441
84 29444
84 29451
84 29471
84 29477
84 29491
84 29497
84 29514
84 29543
84 29548
84 29551
84 29557
84 29573
84 29593
84 29602
84 29623
84 29627
84 29696
84 29718
84 29726
84 29745
84 29750
84 29767
84 29776
84 29788
84 29825
84 29836
84 29845
84 29852
84 29860
84 29871
84 29874
84 29879
84 29901
84 29922
84 29930
84 29933
84 29944
84 29978
84 30021
84 30044
84 30057
84 30060
84 30087
84 30097
84 30105
84 30132
84 30144
84 30149
84 30173
84 30177
84 30181
84 30199
84 30216
84 30219
84 30228
84 30251
84 30260
84 30270
84 30280
84 30290
84 30296
84 30314
84 30328
84 30348
84 30380
84 30382
84 30387
84 30400
84 30404
84 30413
84 30420
84 30437
84 30478
84 30483
84 30492
84 30503
84 30510
84 30520
84 30525
84 30562
84 30578
84 30584
84 30608
84 30612
84 30617
84 30649
84 30652
84 30658
84 30666
84 30684
84 30724
84 30730
84 30764
84 30806
84 30812
84 30816
84 30838
84 30862
84 30905
84 30916
84 30931
84 30940
84 31001
84 31006
84 31021
84 31029
84 31036
84 31040
84 31061
84 31096
84 31115
84 31132
84 31169
84 31184
84 31256
84 31275
84 31296
84 31312
84 31318
84 31332
84 31360
84 31399
84 31448
84 31462
84 31482
84 31526
84 31539
84 31591
84 31616
84 31630
84 31643
84 31648
84 31660
84 31666
84 31677
84 31698
84 31701
84 31734
84 31744
84 31753
84 31765
84 31782
84 31787
84 31804
84 31849
84 31855
84 31864
84 31878
84 31893
84 31899
84 31903
84 31906
84 31921
84 31939
84 31960
84 31978
84 32017
84 32033
84 32038
84 32056
84 32065
84 32146
84 32150
84 32156
84 32159
84 32181
84 32184
84 32223
84 32227
84 32233
84 32260
84 32288
84 32298
84 32301
84 32308
84 32329
84 32334
84 32380
84 32383
84 32428
84 32435
84 32462
84 32482
84 32486
84 32497
84 32500
84 32515
84 32561
84 32594
84 32605
84 32609
84 32640
84 32645
84 32660
84 32662
84 32680
84 32693
84 32701
84 32703
84 32712
84 32718
84 32722
84 32728
84 32733
84 32761
84 32763
84 32778
84 32790
84 32796
84 32799
84 32813
84 32835
84 32853
84 32886
84 32907
84 32940
84 32944
84 32946
84 32962
84 32982
84 32994
84 33003
84 33011
84 33027
84 33043
84 33049
84 33060
84 33064
84 33067
84 33074
84 33079
84 33120
84 33123
84 33130
84 33135
84 33153
84 33161
84 33164
84 33182
84 33190
84 33239
84 33267
84 33285
84 33288
84 33310
84 33317
84 33318
84 33344
84 33380
84 33406
84 33419
84 33426
84 33428
84 33433
84 33437
84 33491
84 33495
84 33505
84 33508
84 33529
84 33551
84 33557
84 33560
84 33575
84 33579
84 33599
84 33616
84 33630
84 33632
84 33636
84 33651
84 33659
84 33667
84 33673
84 33683
84 33687
84 33713
84 33721
84 33732
84 33750
84 33792
84 33796
84 33807
84 33810
84 33832
84 33836
84 33841
84 33876
84 33887
84 33899
84 33910
84 33917
84 33926
84 33946
84 33964
84 33970
84 33991
84 33994
84 34010
84 34017
84 34046
84 34078
84 34086
84 34105
84 34119
84 34123
84 34132
84 34151
84 34155
84 34161
84 34172
84 34180
84 34184
84 34192
84 34197
84 34202
84 34238
84 34253
84 34265
84 34270
84 34300
84 34309
84 34329
84 34333
84 34338
84 34378
84 34389
84 34398
84 34466
84 34469
84 34474
84 34496
84 34508
84 34512
84 34518
84 34531
84 34536
84 34572
84 34581
84 34584
84 34592
84 34630
84 34641
84 34646
84 34648
84 34664
84 34669
84 34676
84 34691
84 34703
84 34720
84 34726
84 34739
84 34743
84 34764
84 34767
84 34772
84 34797
84 34804
84 34809
84 34835
84 34842
84 34846
84 34916
84 34946
84 34971
84 34978
84 34986
84 35015
84 35019
84 35026
84 35051
84 35085
84 35091
84 35094
84 35102
84 35118
84 35139
84 35143
84 35145
84 35160
84 35179
84 35218
84 35222
84 35249
84 35254
84 35263
84 35272
84 35282
84 35296
84 35306
84 35314
84 35317
84 35326
84 35328
84 35333
84 35361
84 35383
84 35389
84 35396
84 35405
84 35409
84 35427
84 35433
84 35438
84 35445
84 35496
84 35507
84 35519
84 35523
84 35553
84 35565
84 35568
84 35586
84 35625
84 35671
84 35676
84 35680
84 35683
84 35690
84 35707
84 35735
84 35742
84 35777
84 35796
84 35803
84 35810
84 35813
84 35843
84 35867
84 35878
84 35895
84 35905
84 35911
84 35915
84 35920
84 35943
84 36024
84 36039
84 36045
84 36062
84 36102
84 36105
84 36115
84 36132
84 36143
84 36155
84 36171
84 36203
84 36207
84 36236
84 36243
84 36267
84 36278
84 36289
84 36294
84 36298
84 36308
84 36351
84 36361
84 36389
84 36416
84 36450
84 36452
84 36456
84 36477
84 36500
84 36508
84 36521
84 36531
84 36538
84 36541
84 36545
84 36560
84 36572
84 36576
84 36587
84 36590
84 36594
84 36644
84 36661
84 36664
84 36683
84 36699
84 36710
84 36715
84 36719
84 36733
84 36735
84 36748
84 36757
84 36758
84 36772
84 36781
84 36785
84 36794
84 36809
84 36830
84 36838
84 36841
84 36883
84 36889
84 36894
84 36927
84 36936
84 37005
84 37018
84 37023
84 37029
84 37046
84 37056
84 37060
84 37076
84 37080
84 37084
84 37103
84 37112
84 37161
84 37165
84 37176
84 37179
84 37209
84 37216
84 37239
84 37257
84 37282
84 37294
84 37309
84 37316
84 37358
84 37362
84 37376
84 37407
84 37418
84 37424
84 37436
84 37445
84 37502
84 37525
84 37527
84 37532
84 37536
84 37539
84 37551
84 37553
84 37560
84 37562
84 37572
84 37593
84 37605
84 37614
84 37628
84 37665
84 37675
84 37686
84 37698
84 37718
84 37723
84 37729
84 37733
84 37766
84 37807
84 37808
84 37821
84 37830
84 37843
84 37873
84 37887
84 37892
84 37905
84 37912
84 37960
84 37966
84 37982
84 37987
84 38014
84 38020
84 38027
84 38039
84 38043
84 38053
84 38066
84 38094
84 38096
84 38101
84 38135
84 38149
84 38152
84 38174
84 38198
84 38203
84 38209
84 38212
84 38221
84 38248
84 38261
84 38281
84 38296
84 38315
84 38328
84 38334
84 38346
84 38402
84 38410
84 38413
84 38428
84 38445
84 38454
84 38462
84 38466
84 38499
84 38504
84 38517
84 38545
84 38563
84 38601
84 38607
84 38617
84 38638
84 38680
84 38720
84 38733
84 38735
84 38760
84 38800
84 38815
84 38819
84 38824
84 38827
84 38831
84 38881
84 38918
84 38929
84 38939
84 38944
84 38946
84 38970
84 38977
84 38980
84 38999
84 39002
84 39006
84 39018
84 39022
84 39031
84 39034
84 39051
84 39056
84 39060
84 39063
84 39066
84 39127
84 39139
84 39143
84 39154
84 39158
84 39164
84 39168
84 39185
84 39192
84 39193
84 39217
84 39221
84 39227
84 39256
84 39261
84 39262
84 39266
84 39275
84 39291
84 39316
84 39342
84 39352
84 39361
84 39379
84 39474
84 39476
84 39478
84 39496
84 39505
84 39512
84 39517
84 39523
84 39535
84 39549
84 39552
84 39556
84 39581
84 39596
84 39604
84 39609
84 39661
84 39672
84 39694
84 39697
84 39728
84 39733
84 39738
84 39741
84 39766
84 39774
84 39789
84 39798
84 39816
84 39827
84 39832
84 39847
84 39856
84 39864
84 39870
84 39962
84 39967
84 39983
84 39988
84 40002
84 40006
84 40025
84 40039
84 40045
84 40049
84 40054
84 40057
84 40062
84 40084
84 40105
84 40119
84 40126
84 40129
84 40150
84 40159
84 40165
84 40171
84 40174
84 40177
84 40191
84 40205
84 40228
84 40249
84 40250
84 40263
84 40282
84 40287
84 40289
84 40292
84 40296
84 40303
84 40324
84 40346
84 40349
84 40354
84 40357
84 40365
84 40371
84 40375
84 40406
84 40414
84 40419
84 40430
84 40439
84 40451
84 40455
84 40472
84 40493
84 40506
84 40522
84 40530
84 40539
84 40545
84 40547
84 40554
84 40568
84 40570
84 40579
84 40588
84 40596
84 40599
84 40662
84 40686
84 40688
84 40711
84 40732
84 40739
84 40743
84 40766
84 40771
84 40780
84 40811
84 40832
84 40844
84 40856
84 40860
84 40864
84 40869
84 40883
84 40887
84 40897
84 40914
84 40918
84 40923
84 40927
84 40934
84 40939
84 40960
84 40962
84 40973
84 40978
84 41017
84 41027
84 41061
84 41085
84 41087
84 41095
84 41099
84 41112
84 41135
84 41171
84 41178
84 41213
84 41223
84 41242
84 41263
84 41275
84 41283
84 41300
84 41319
84 41327
84 41333
84 41349
84 41359
84 41375
84 41400
84 41415
84 41457
84 41470
84 41474
84 41482
84 41510
84 41514
84 41523
84 41544
84 41565
84 41570
84 41577
84 41596
84 41604
84 41655
84 41662
84 41667
84 41673
84 41676
84 41678
84 41681
84 41687
84 41702
84 41708
84 41731
84 41738
84 41745
84 41749
84 41785
84 41826
84 41827
84 41840
84 41842
84 41859
84 41875
84 41891
84 41918
84 41927
84 41939
84 41954
84 41957
84 41960
84 41965
84 41974
84 41984
84 41996
84 41998
84 42004
84 42008
84 42022
84 42096
84 42162
84 42175
84 42187
84 42192
84 42207
84 42222
84 42227
84 42236
84 42240
84 42247
84 42253
84 42267
84 42279
84 42282
84 42320
84 42323
84 42342
84 42385
84 42403
84 42413
84 42417
84 42421
84 42450
84 42468
84 42483
84 42492
84 42506
84 42565
84 42570
84 42582
84 42587
84 42593
84 42605
84 42609
84 42625
84 42638
84 42640
84 42665
84 42705
84 42716
84 42721
84 42732
84 42752
84 42758
84 42765
84 42780
84 42782
84 42786
84 42794
84 42806
84 42807
84 42832
84 42846
84 42856
84 42888
84 42912
84 42923
84 42928
84 42932
84 42971
84 42992
84 42999
84 43012
84 43017
84 43022
84 43025
84 43029
84 43034
84 43038
84 43046
84 43072
84 43075
84 43078
84 43087
84 43094
84 43097
84 43123
84 43186
84 43200
84 43234
84 43248
84 43256
84 43269
84 43302
84 43306
84 43308
84 43343
84 43355
84 43362
84 43384
84 43408
84 43444
84 43453
84 43459
84 43478
84 43493
84 43507
84 43517
84 43537
84 43550
84 43558
84 43567
84 43618
84 43633
84 43641
84 43649
84 43655
84 43666
84 43677
84 43699
84 43733
84 43750
84 43754
84 43757
84 43760
84 43775
84 43790
84 43816
84 43819
84 43866
84 43880
84 43893
84 43922
84 43932
84 43935
84 43950
84 43953
84 43962
84 43972
84 44001
84 44027
84 44043
84 44058
84 44086
84 44127
84 44134
84 44147
84 44178
84 44182
84 44187
84 44210
84 44213
84 44251
84 44270
84 44283
84 44304
84 44316
84 44377
84 44418
84 44421
84 44440
84 44448
84 44455
84 44466
84 44472
84 44486
84 44520
84 44541
84 44569
84 44583
84 44588
84 44606
84 44627
84 44635
84 44666
84 44675
84 44746
84 44750
84 44756
84 44789
84 44794
84 44802
84 44809
84 44837
84 44854
84 44873
84 44904
84 44909
84 44913
84 44918
84 44921
84 44953
84 44962
84 44964
84 44970
84 45021
84 45028
84 45051
84 45066
84 45074
84 45086
84 45095
84 45105
84 45114
84 45137
84 45139
84 45142
84 45156
84 45189
84 45204
84 45214
84 45219
84 45225
84 45233
84 45266
84 45269
84 45274
84 45287
84 45301
84 45315
84 45327
84 45333
84 45336
84 45343
84 45349
84 45354
84 45371
84 45385
84 45404
84 45413
84 45424
84 45447
84 45450
84 45457
84 45460
84 45467
84 45478
84 45495
84 45500
84 45525
84 45554
84 45562
84 45566
84 45600
84 45605
84 45620
84 45642
84 45645
84 45656
84 45659
84 45664
84 45685
84 45700
84 45710
84 45719
84 45721
84 45739
84 45755
84 45765
84 45793
84 45796
84 45804
84 45831
84 45853
84 45875
84 45916
84 45927
84 45937
84 45940
84 45951
84 45955
84 45959
84 45961
84 45968
84 45972
84 45981
84 46019
84 46020
84 46024
84 46035
84 46045
84 46070
84 46077
84 46081
84 46085
84 46099
84 46104
84 46122
84 46126
84 46131
84 46136
84 46141
84 46148
84 46155
84 46171
84 46179
84 46184
84 46186
84 46191
84 46208
84 46216
84 46219
84 46242
84 46247
84 46259
84 46266
84 46279
84 46299
84 46308
84 46313
84 46319
84 46323
84 46333
84 46376
84 46411
84 46415
84 46440
84 46468
84 46471
84 46481
84 46496
84 46504
84 46516
84 46528
84 46532
84 46548
84 46566
84 46573
84 46594
84 46598
84 46603
84 46617
84 46687
84 46724
84 46768
84 46786
84 46789
84 46818
84 46824
84 46836
84 46850
84 46865
84 46890
84 46893
84 46900
84 46907
84 46912
84 46929
84 46936
84 46939
84 46945
84 46950
84 46967
84 46991
84 46994
84 47012
84 47040
84 47051
84 47053
84 47082
84 47088
84 47096
84 47127
84 47140
84 47162
84 47167
84 47174
84 47191
84 47246
84 47262
84 47281
84 47299
84 47309
84 47311
84 47314
84 47344
84 47350
84 47369
84 47389
84 47407
84 47435
84 47438
84 47463
84 47478
84 47491
84 47494
84 47523
84 47530
84 47547
84 47559
84 47564
84 47579
84 47582
84 47590
84 47603
84 47616
84 47632
84 47640
84 47654
84 47660
84 47680
84 47692
84 47707
84 47723
84 47748
84 47773
84 47777
84 47821
84 47840
84 47872
84 47915
84 47927
84 47931
84 47951
84 48012
84 48014
84 48037
84 48042
84 48053
84 48061
84 48072
84 48073
84 48082
84 48090
84 48093
84 48112
84 48115
84 48143
84 48145
84 48152
84 48154
84 48156
84 48165
84 48211
84 48221
84 48226
84 48229
84 48231
84 48237
84 48242
84 48254
84 48275
84 48301
84 48304
84 48318
84 48326
84 48332
84 48342
84 48351
84 48355
84 48360
84 48364
84 48368
84 48392
84 48400
84 48404
84 48410
84 48427
84 48446
84 48454
84 48491
84 48514
84 48539
84 48543
84 48547
84 48563
84 48571
84 48604
84 48612
84 48632
84 48646
84 48654
84 48659
84 48663
84 48665
84 48674
84 48686
84 48699
84 48707
84 48713
84 48749
84 48767
84 48786
84 48796
84 48804
84 48810
84 48863
84 48871
84 48881
84 48886
84 48897
84 48905
84 48918
84 48925
84 48931
84 48934
84 48939
84 48976
84 48995
84 49007
84 49031
84 49033
84 49049
84 49057
84 49074
84 49110
84 49120
84 49131
84 49152
84 49174
84 49191
84 49196
84 49209
84 49229
84 49249
84 49258
84 49263
84 49269
84 49285
84 49309
84 49324
84 49329
84 49334
84 49354
84 49365
84 49372
84 49376
84 49380
84 49407
84 49425
84 49445
84 49447
84 49459
84 49468
84 49484
84 49497
84 49513
84 49538
84 49607
84 49638
84 49643
84 49662
84 49669
84 49679
84 49690
84 49710
84 49729
84 49741
84 49772
84 49777
84 49782
84 49793
84 49803
84 49831
84 49838
84 49846
84 49860
84 49865
84 49867
84 49877
84 49879
84 49902
84 49907
84 49913
84 49921
84 49928
84 49931
84 49942
84 49955
84 49962
84 49989
84 49995
84 49999
84 50000
84 50012
84 50020
84 50040
84 50044
84 50079
84 50104
84 50118
84 50126
84 50137
84 50161
84 50169
84 50173
84 50177
84 50182
84 50189
84 50204
84 50213
84 50221
84 50225
84 50235
84 50249
84 50254
84 50264
84 50270
84 50278
84 50290
84 50295
84 50298
84 50319
84 50351
84 50406
84 50419
84 50425
84 50428
84 50449
84 50460
84 50465
84 50484
84 50491
84 50499
84 50508
84 50517
84 50530
84 50547
84 50549
84 50562
84 50596
84 50627
84 50631
84 50658
84 50679
84 50687
84 50721
84 50740
84 50761
84 50797
84 50802
84 50842
84 50847
84 50855
84 50866
84 50870
84 50879
84 50888
84 50930
84 50941
84 50950
84 50966
84 50984
84 50991
84 50999
84 51028
84 51061
84 51068
84 51072
84 51077
84 51083
84 51087
84 51103
84 51109
84 51130
84 51133
84 51136
84 51155
84 51175
84 51188
84 51196
84 51198
84 51201
84 51215
84 51231
84 51239
84 51248
84 51251
84 51276
84 51280
84 51282
84 51293
84 51302
84 51311
84 51324
84 51343
84 51345
84 51357
84 51367
84 51380
84 51390
84 51397
84 51402
84 51411
84 51437
84 51446
84 51455
84 51458
84 51547
84 51560
84 51574
84 51591
84 51600
84 51608
84 51620
84 51625
84 51639
84 51641
84 51651
84 51659
84 51678
84 51709
84 51711
84 51725
84 51760
84 51764
84 51794
84 51796
84 51806
84 51820
84 51843
84 51855
84 51864
84 51876
84 51884
84 51914
84 51930
84 51941
84 51952
84 51962
84 51983
84 52004
84 52008
84 52012
84 52019
84 52044
84 52057
84 52062
84 52086
84 52091
84 52108
84 52150
84 52157
84 52202
84 52248
84 52253
84 52258
84 52274
84 52279
84 52327
84 52342
84 52357
84 52361
84 52369
84 52379
84 52388
84 52418
84 52440
84 52445
84 52488
84 52498
84 52531
84 52533
84 52538
84 52542
84 52563
84 52587
84 52600
84 52610
84 52631
84 52713
84 52724
84 52726
84 52740
84 52744
84 52761
84 52772
84 52779
84 52788
84 52817
84 52831
84 52839
84 52844
84 52856
84 52860
84 52897
84 52903
84 52911
84 52915
84 52933
84 52956
84 52993
84 52999
84 53012
84 53015
84 53028
84 53055
84 53067
84 53088
84 53095
84 53104
84 53113
84 53164
84 53191
84 53194
84 53215
84 53227
84 53255
84 53268
84 53289
84 53295
84 53320
84 53356
84 53375
84 53381
84 53390
84 53397
84 53408
84 53414
84 53422
84 53474
84 53490
84 53494
84 53497
84 53519
84 53532
84 53543
84 53602
84 53607
84 53619
84 53623
84 53634
84 53647
84 53677
84 53682
84 53698
84 53727
84 53761
84 53786
84 53795
84 53817
84 53831
84 53846
84 53852
84 53875
84 53882
84 53914
84 53917
84 53921
84 53958
84 53970
84 53974
84 53976
84 53987
84 54015
84 54034
84 54044
84 54065
84 54104
84 54108
84 54119
84 54132
84 54136
84 54140
84 54240
84 54241
84 54251
84 54259
84 54352
84 54366
84 54370
84 54380
84 54383
84 54426
84 54455
84 54472
84 54476
84 54479
84 54484
84 54491
84 54497
84 54503
84 54510
84 54519
84 54523
84 54558
84 54586
84 54591
84 54595
84 54652
84 54674
84 54680
84 54699
84 54710
84 54714
84 54728
84 54793
84 54812
84 54817
84 54830
84 54844
84 54846
84 54855
84 54859
84 54874
84 54890
84 54917
84 54935
84 54981
84 54993
84 55007
84 55013
84 55019
84 55060
84 55065
84 55085
84 55114
84 55119
84 55125
84 55146
84 55172
84 55176
84 55179
84 55186
84 55193
84 55199
84 55218
84 55223
84 55227
84 55231
84 55236
84 55245
84 55249
84 55270
84 55285
84 55292
84 55300
84 55302
84 55313
84 55317
84 55323
84 55328
84 55342
84 55366
84 55368
84 55371
84 55379
84 55391
84 55417
84 55426
84 55432
84 55462
84 55485
84 55494
84 55498
84 55519
84 55531
84 55539
84 55543
84 55545
84 55566
84 55569
84 55580
84 55592
84 55598
84 55605
84 55657
84 55673
84 55675
84 55693
84 55698
84 55707
84 55712
84 55745
84 55759
84 55766
84 55777
84 55792
84 55798
84 55827
84 55843
84 55848
84 55852
84 55859
84 55871
84 55879
84 55886
84 55889
84 55916
84 55926
84 55934
84 55940
84 55946
84 55950
84 55961
84 55964
84 55967
84 55972
84 55981
84 55997
84 56010
84 56018
84 56028
84 56085
84 56089
84 56097
84 56102
84 56121
84 56126
84 56140
84 56143
84 56152
84 56163
84 56171
84 56203
84 56219
84 56245
84 56258
84 56261
84 56274
84 56280
84 56284
84 56289
84 56302
84 56306
84 56315
84 56379
84 56385
84 56388
84 56402
84 56406
84 56411
84 56437
84 56458
84 56465
84 56469
84 56488
84 56544
84 56559
84 56573
84 56588
84 56596
84 56610
84 56612
84 56617
84 56622
84 56633
84 56641
84 56654
84 56658
84 56680
84 56689
84 56695
84 56703
84 56757
84 56759
84 56809
84 56821
84 56824
84 56825
84 56835
84 56838
84 56847
84 56853
84 56855
84 56859
84 56910
84 56920
84 56950
84 56962
84 56969
84 56974
84 56977
84 56986
84 57002
84 57050
84 57053
84 57082
84 57085
84 57115
84 57117
84 57132
84 57147
84 57157
84 57166
84 57169
84 57187
84 57217
84 57245
84 57275
84 57283
84 57291
84 57310
84 57322
84 57326
84 57335
84 57342
84 57360
84 57374
84 57380
84 57382
84 57426
84 57429
84 57454
84 57503
84 57505
84 57513
84 57538
84 57556
84 57569
84 57584
84 57591
84 57617
84 57619
84 57642
84 57662
84 57681
84 57684
84 57693
84 57705
84 57711
84 57720
84 57724
84 57727
84 57743
84 57757
84 57769
84 57780
84 57785
84 57795
84 57803
84 57815
84 57819
84 57854
84 57881
84 57894
84 57920
84 57924
84 57945
84 57957
84 57984
84 57989
84 58001
84 58015
84 58028
84 58054
84 58059
84 58071
84 58079
84 58084
84 58094
84 58107
84 58132
84 58146
84 58164
84 58172
84 58194
84 58213
84 58227
84 58243
84 58246
84 58304
84 58308
84 58328
84 58339
84 58342
84 58350
84 58354
84 58364
84 58372
84 58388
84 58398
84 58407
84 58414
84 58442
84 58446
84 58459
84 58464
84 58471
84 58474
84 58482
84 58489
84 58498
84 58513
84 58522
84 58530
84 58546
84 58555
84 58559
84 58568
84 58572
84 58579
84 58591
84 58605
84 58629
84 58643
84 58651
84 58658
84 58661
84 58663
84 58677
84 58679
84 58715
84 58728
84 58734
84 58748
84 58750
84 58753
84 58759
84 58764
84 58773
84 58795
84 58809
84 58841
84 58845
84 58852
84 58864
84 58871
84 58893
84 58904
84 58912
84 58925
84 58945
84 58953
84 58956
84 58974
84 58985
84 59011
84 59015
84 59020
84 59044
84 59047
84 59080
84 59117
84 59169
84 59209
84 59227
84 59237
84 59250
84 59262
84 59277
84 59292
84 59301
84 59313
84 59328
84 59347
84 59361
84 59385
84 59399
84 59402
84 59442
84 59453
84 59483
84 59536
84 59543
84 59591
84 59593
84 59606
84 59615
84 59622
84 59627
84 59650
84 59657
84 59663
84 59666
84 59681
84 59682
84 59698
84 59704
84 59706
84 59712
84 59722
84 59741
84 59746
84 59750
84 59753
84 59787
84 59808
84 59820
84 59822
84 59855
84 59879
84 59883
84 59888
84 59900
84 59927
84 59949
84 59958
84 59961
84 59993
84 59997
84 60002
84 60011
84 60016
84 60023
84 60044
84 60062
84 60069
84 60112
84 60131
84 60134
84 60165
84 60179
84 60200
84 60208
84 60227
84 60244
84 60274
84 60282
84 60302
84 60316
84 60355
84 60364
84 60372
84 60385
84 60405
84 60408
84 60427
84 60430
84 60440
84 60463
84 60473
84 60483
84 60490
84 60520
84 60524
84 60539
84 60549
84 60562
84 60573
84 60577
84 60582
84 60586
84 60591
84 60595
84 60600
84 60615
84 60638
84 60644
84 60673
84 60681
84 60690
84 60719
84 60722
84 60727
